67,5
67,4
67,3
67,2
67,1
4294967294,1425
4294967294,1424
4294967294,427
66,5
66,4
66,3
66,2
66,1
65,4
65,3
65,2
65,1
4294967294,1423
64,5
64,4
64,3
64,2
64,1
4294967294,475
63,5
63,4
63,3
63,2
63,1
62,4
62,3
62,2
62,1
61,4
61,3
61,2
61,1
4294967294,474
60,4
60,3
60,2
60,1
59,7
59,6
59,5
59,4
59,3
59,2
59,1
58,4
58,3
58,2
58,1
57,6
57,5
4294967294,1422
4294967294,1421
57,4
57,3
57,2
57,1
56,4
56,3
56,2
56,1
55,495
55,494
55,493
55,492
55,491
55,490
55,489
55,488
55,487
55,486
55,485
55,484
55,483
55,482
55,481
55,480
55,479
55,478
55,477
55,476
55,475
55,474
55,473
55,472
55,471
55,470
55,469
55,468
55,467
55,466
55,465
55,464
55,463
55,462
55,461
55,460
55,459
55,458
55,457
55,456
55,455
55,454
55,453
55,452
55,451
55,450
55,449
55,448
55,447
55,446
55,445
55,444
55,443
55,442
55,441
55,440
55,439
55,438
55,437
55,436
55,435
55,434
55,433
55,432
55,431
55,430
55,429
55,428
55,427
55,426
55,425
55,424
55,423
55,422
55,421
55,420
55,419
55,418
55,417
55,416
55,415
55,414
55,413
55,412
55,411
55,410
55,409
55,408
55,407
55,406
55,405
55,404
55,403
55,402
55,401
55,400
55,399
55,398
55,397
55,396
55,395
55,394
55,393
55,392
55,391
55,390
55,389
55,388
55,387
55,386
55,385
55,384
55,383
55,382
55,381
55,380
55,379
55,378
55,377
55,376
55,375
55,374
55,373
55,372
55,371
55,370
55,369
55,368
55,367
55,366
55,365
55,364
55,363
55,362
55,361
55,360
55,359
55,358
55,357
55,356
55,355
55,354
55,353
55,352
55,351
55,350
55,349
55,348
55,347
55,346
55,345
55,344
55,343
55,342
55,341
55,340
55,339
55,338
55,337
55,336
55,335
55,334
55,333
55,332
55,331
55,330
55,329
55,328
55,327
55,326
55,325
55,324
55,323
55,322
55,321
55,320
55,319
55,318
55,317
55,316
55,315
55,314
55,313
55,312
55,311
55,310
55,309
55,308
55,307
55,306
55,305
55,304
55,303
55,302
55,301
55,300
55,299
55,298
55,297
55,296
55,295
55,294
55,293
55,292
55,291
55,290
55,289
55,288
55,287
55,286
55,285
55,284
55,283
55,282
55,281
55,280
55,279
55,278
55,277
55,276
55,275
55,274
55,273
55,272
55,271
55,270
55,269
55,268
55,267
55,266
55,265
55,264
55,263
55,262
55,261
55,260
55,259
55,258
55,257
55,256
55,255
55,254
55,253
55,252
55,251
55,250
55,249
55,248
55,247
55,246
55,245
55,244
55,243
55,242
55,241
55,240
55,239
55,238
55,237
55,236
55,235
55,234
55,233
55,232
55,231
55,230
55,229
55,228
55,227
55,226
55,225
55,224
55,223
55,222
55,221
55,220
55,219
55,218
55,217
55,216
55,215
55,214
55,213
55,212
55,211
55,210
55,209
55,208
55,207
55,206
55,205
55,204
55,203
55,202
55,201
55,200
55,199
55,198
55,197
55,196
55,195
55,194
55,193
55,192
55,191
55,190
55,189
55,188
55,187
55,186
55,185
55,184
55,183
55,182
55,181
4294967279,571
55,180
55,179
55,178
55,177
4294967279,570
55,176
55,175
55,174
55,173
55,172
4294967279,569
55,171
55,170
55,169
55,168
4294967279,568
55,167
55,166
55,165
55,164
4294967279,567
55,163
55,162
55,161
55,160
55,159
4294967279,566
55,158
55,157
55,156
55,155
4294967279,565
55,154
55,153
55,152
55,151
55,150
55,149
55,148
55,147
55,146
55,145
55,144
55,143
55,142
55,141
55,140
55,139
55,138
55,137
55,136
55,135
55,134
55,133
55,132
55,131
55,130
55,129
55,128
55,127
55,126
55,125
55,124
55,123
55,122
55,121
55,120
55,119
55,118
55,117
55,116
55,115
55,114
55,113
55,112
55,111
55,110
55,109
55,108
55,107
55,106
55,105
55,104
55,103
55,102
55,101
55,100
55,99
55,98
55,97
55,96
55,95
55,94
55,93
55,92
55,91
55,90
55,89
55,88
55,87
55,86
55,85
55,84
55,83
55,82
55,81
55,80
55,79
55,78
55,77
55,76
55,75
55,74
55,73
55,72
55,71
55,70
55,69
55,68
55,67
55,66
55,65
55,64
55,36
55,35
55,34
55,33
55,32
55,31
55,30
55,29
55,28
55,27
55,26
55,25
55,24
55,23
55,22
55,21
55,20
55,19
55,18
55,17
55,16
55,15
55,14
55,13
55,12
55,11
55,10
55,9
55,8
55,7
55,6
55,5
55,4
55,3
55,2
55,1
54,4
54,3
54,2
54,1
4294967294,473
53,6
53,5
53,4
53,3
53,2
53,1
52,99
52,98
4294967278,565
52,97
52,96
52,95
4294967278,564
52,94
52,93
4294967278,563
52,92
52,91
52,90
4294967278,562
52,89
52,88
52,87
4294967278,561
52,86
52,85
4294967278,560
52,84
52,83
52,82
4294967278,559
52,81
52,80
52,79
4294967278,558
52,78
52,77
4294967278,557
52,76
52,75
52,74
4294967278,556
52,73
52,72
52,71
52,70
52,69
52,68
52,67
52,66
52,65
52,64
52,36
52,35
52,34
52,33
52,32
52,31
52,30
52,29
52,28
52,27
52,26
52,25
52,24
52,23
52,22
52,21
52,20
52,19
52,18
52,17
52,16
52,15
52,14
52,13
52,12
52,11
52,10
52,9
52,8
52,7
52,6
52,5
52,4
52,3
52,2
52,1
51,77
4294967278,555
51,76
51,75
51,74
4294967278,554
51,73
51,72
51,71
4294967278,553
51,70
51,69
51,68
4294967278,552
51,67
51,66
4294967278,551
51,65
51,64
51,36
4294967278,550
51,35
51,34
51,33
4294967278,549
51,32
51,31
51,30
4294967278,548
51,29
51,28
4294967278,547
51,27
51,26
51,25
4294967278,546
51,24
51,23
51,22
4294967278,545
